0023-20e3.png 39 113 157
0023.png 166 99 49
002a-20e3.png 24 104 152
002a.png 165 91 34
0030-20e3.png 24 104 152
0030.png 165 91 35
0031-20e3.png 15 99 149
0031.png 164 86 26
0032-20e3.png 21 103 152
0032.png 164 90 32
0033-20e3.png 20 102 151
0033.png 164 89 31
0034-20e3.png 23 104 152
0034.png 165 91 34
0035-20e3.png 22 103 152
0035.png 165 90 33
0036-20e3.png 24 104 152
0036.png 165 91 35
0037-20e3.png 16 100 150
0037.png 164 87 27
0038-20e3.png 25 105 153
0038.png 165 91 35
0039-20e3.png 24 104 152
0039.png 165 91 35
00a9.png 11 10 14
00ae.png 11 10 14
1f004.png 137 123 126
1f0cf.png 140 131 123
1f170.png 196 44 51
1f171.png 196 49 56
1f17e.png 196 47 54
1f17f.png 36 111 156
1f18e.png 196 51 58
1f191.png 196 42 50
1f192.png 27 106 153
1f193.png 29 107 154
1f194.png 154 98 202
1f195.png 28 106 154
1f196.png 23 104 152
1f197.png 24 104 152
1f198.png 196 50 57
1f199.png 24 104 152
1f19a.png 202 111 40
1f1e6-1f1e8.png 44 65 92
1f1e6-1f1e9.png 131 96 49
1f1e6-1f1ea.png 112 81 69
1f1e6-1f1eb.png 111 52 42
1f1e6-1f1ec.png 103 58 63
1f1e6-1f1ee.png 43 66 95
1f1e6-1f1f1.png 130 23 31
1f1e6-1f1f2.png 94 60 48
1f1e6-1f1f4.png 105 39 34
1f1e6-1f1f6.png 50 102 133
1f1e6-1f1f7.png 147 155 148
1f1e6-1f1f8.png 107 100 109
1f1e6-1f1f9.png 161 82 87
1f1e6-1f1fa.png 39 63 94
1f1e6-1f1fc.png 38 105 120
1f1e6-1f1fd.png 85 63 60
1f1e6-1f1ff.png 84 59 51
1f1e6.png 165 91 34
1f1e7-1f1e6.png 79 99 70
1f1e7-1f1e7.png 88 100 58
1f1e7-1f1e9.png 80 83 24
1f1e7-1f1ea.png 128 79 33
1f1e7-1f1eb.png 110 64 26
1f1e7-1f1ec.png 118 96 66
1f1e7-1f1ed.png 161 90 94
1f1e7-1f1ee.png 133 104 86
1f1e7-1f1ef.png 134 91 28
1f1e7-1f1f1.png 152 148 143
1f1e7-1f1f2.png 143 50 55
1f1e7-1f1f3.png 148 121 55
1f1e7-1f1f4.png 130 95 28
1f1e7-1f1f6.png 107 116 119
1f1e7-1f1f7.png 85 110 47
1f1e7-1f1f8.png 57 107 91
1f1e7-1f1f9.png 166 102 54
1f1e7-1f1fb.png 111 60 76
1f1e7-1f1fc.png 100 125 134
1f1e7-1f1fe.png 132 48 37
1f1e7-1f1ff.png 62 72 88
1f1e7.png 165 94 40
1f1e8-1f1e6.png 163 102 105
1f1e8-1f1e8.png 71 107 24
1f1e8-1f1e9.png 90 93 84
1f1e8-1f1eb.png 123 90 65
1f1e8-1f1ec.png 124 84 27
1f1e8-1f1ed.png 159 47 53
1f1e8-1f1ee.png 135 130 78
1f1e8-1f1f0.png 40 64 95
1f1e8-1f1f1.png 126 68 81
1f1e8-1f1f2.png 134 86 28
1f1e8-1f1f3.png 159 32 28
1f1e8-1f1f4.png 117 97 49
1f1e8-1f1f5.png 117 91 105
1f1e8-1f1f7.png 137 75 85
1f1e8-1f1fa.png 97 86 104
1f1e8-1f1fb.png 63 77 101
1f1e8-1f1fc.png 27 68 88
1f1e8-1f1fd.png 49 88 55
1f1e8-1f1fe.png 164 160 148
1f1e8-1f1ff.png 122 84 96
1f1e8.png 165 90 33
1f1e9-1f1ea.png 127 62 33
1f1e9-1f1ec.png 96 100 109
1f1e9-1f1ef.png 68 122 102
1f1e9-1f1f0.png 162 95 99
1f1e9-1f1f2.png 106 91 48
1f1e9-1f1f4.png 118 93 105
1f1e9-1f1ff.png 120 122 90
1f1e9.png 165 93 37
1f1ea-1f1e6.png 164 96 33
1f1ea-1f1e8.png 117 94 51
1f1ea-1f1ea.png 64 84 101
1f1ea-1f1ec.png 124 83 85
1f1ea-1f1ed.png 103 76 61
1f1ea-1f1f7.png 96 80 57
1f1ea-1f1f8.png 164 96 33
1f1ea-1f1f9.png 105 84 40
1f1ea-1f1fa.png 11 58 89
1f1ea.png 165 92 36
1f1eb-1f1ee.png 83 109 129
1f1eb-1f1ef.png 55 110 125
1f1eb-1f1f0.png 46 70 96
1f1eb-1f1f2.png 16 124 145
1f1eb-1f1f4.png 142 106 114
1f1eb-1f1f7.png 117 91 105
1f1eb.png 164 89 30
1f1ec-1f1e6.png 90 109 47
1f1ec-1f1e7.png 143 75 84
1f1ec-1f1e9.png 139 111 28
1f1ec-1f1ea.png 163 86 91
1f1ec-1f1eb.png 118 117 27
1f1ec-1f1ec.png 166 122 104
1f1ec-1f1ed.png 128 94 28
1f1ec-1f1ee.png 154 79 82
1f1ec-1f1f1.png 162 93 97
1f1ec-1f1f2.png 72 66 63
1f1ec-1f1f3.png 135 99 28
1f1ec-1f1f5.png 58 66 50
1f1ec-1f1f6.png 105 93 81
1f1ec-1f1f7.png 83 109 129
1f1ec-1f1f8.png 47 67 91
1f1ec-1f1f9.png 72 138 147
1f1ec-1f1fa.png 32 58 86
1f1ec-1f1fc.png 125 96 28
1f1ec-1f1fe.png 121 100 49
1f1ec.png 165 93 38
1f1ed-1f1f0.png 159 38 44
1f1ed-1f1f2.png 39 64 95
1f1ed-1f1f3.png 68 112 138
1f1ed-1f1f7.png 116 86 99
1f1ed-1f1f9.png 89 54 68
1f1ed-1f1fa.png 132 105 85
1f1ed.png 165 92 36
1f1ee-1f1e8.png 86 105 98
1f1ee-1f1e9.png 162 93 97
1f1ee-1f1ea.png 135 130 78
1f1ee-1f1f1.png 103 123 138
1f1ee-1f1f2.png 159 33 39
1f1ee-1f1f3.png 129 126 75
1f1ee-1f1f4.png 96 100 109
1f1ee-1f1f6.png 115 79 76
1f1ee-1f1f7.png 134 105 87
1f1ee-1f1f8.png 84 66 87
1f1ee-1f1f9.png 132 105 85
1f1ee.png 164 84 22
1f1ef-1f1ea.png 165 127 126
1f1ef-1f1f2.png 87 98 30
1f1ef-1f1f4.png 100 84 68
1f1ef-1f1f5.png 166 144 145
1f1ef.png 164 87 27
1f1f0-1f1ea.png 105 67 54
1f1f0-1f1ec.png 161 44 28
1f1f0-1f1ed.png 105 59 76
1f1f0-1f1ee.png 135 78 66
1f1f0-1f1f2.png 114 101 72
1f1f0-1f1f3.png 92 72 38
1f1f0-1f1f5.png 111 68 83
1f1f0-1f1f7.png 142 135 140
1f1f0-1f1fc.png 108 84 69
1f1f0-1f1fe.png 48 67 89
1f1f0-1f1ff.png 48 130 119
1f1f0.png 165 92 35
1f1f1-1f1e6.png 75 55 78
1f1f1-1f1e7.png 152 109 103
1f1f1-1f1e8.png 30 122 134
1f1f1-1f1ee.png 93 43 54
1f1f1-1f1f0.png 150 95 23
1f1f1-1f1f7.png 128 90 101
1f1f1-1f1f8.png 107 123 118
1f1f1-1f1f9.png 119 92 27
1f1f1-1f1fa.png 116 104 118
1f1f1-1f1fb.png 143 60 60
1f1f1-1f1fe.png 66 49 43
1f1f1.png 164 87 27
1f1f2-1f1e6.png 150 26 27
1f1f2-1f1e8.png 162 93 97
1f1f2-1f1e9.png 113 79 50
1f1f2-1f1ea.png 157 57 18
1f1f2-1f1eb.png 117 91 105
1f1f2-1f1ec.png 125 91 67
1f1f2-1f1ed.png 91 99 90
1f1f2-1f1f0.png 162 68 29
1f1f2-1f1f1.png 135 99 28
1f1f2-1f1f2.png 135 105 51
1f1f2-1f1f3.png 93 43 53
1f1f2-1f1f4.png 72 109 40
1f1f2-1f1f5.png 46 95 123
1f1f2-1f1f6.png 93 116 133
1f1f2-1f1f7.png 69 106 24
1f1f2-1f1f8.png 44 67 94
1f1f2-1f1f9.png 159 89 93
1f1f2-1f1fa.png 94 88 49
1f1f2-1f1fb.png 77 99 37
1f1f2-1f1fc.png 103 46 29
1f1f2-1f1fd.png 128 101 80
1f1f2-1f1fe.png 127 88 97
1f1f2-1f1ff.png 114 92 48
1f1f2.png 165 97 45
1f1f3-1f1e6.png 98 74 64
1f1f3-1f1e8.png 94 85 44
1f1f3-1f1ea.png 127 117 67
1f1f3-1f1eb.png 108 131 90
1f1f3-1f1ec.png 103 128 84
1f1f3-1f1ee.png 68 111 133
1f1f3-1f1f1.png 116 92 105
1f1f3-1f1f4.png 111 60 76
1f1f3-1f1f5.png 141 97 106
1f1f3-1f1f7.png 36 73 84
1f1f3-1f1fa.png 153 125 57
1f1f3-1f1ff.png 40 62 93
1f1f3.png 165 93 38
1f1f4-1f1f2.png 138 71 59
1f1f4.png 165 93 38
1f1f5-1f1e6.png 121 98 110
1f1f5-1f1ea.png 161 82 86
1f1f5-1f1eb.png 158 106 105
1f1f5-1f1ec.png 99 37 37
1f1f5-1f1ed.png 103 71 82
1f1f5-1f1f0.png 86 118 62
1f1f5-1f1f1.png 162 93 97
1f1f5-1f1f2.png 97 115 97
1f1f5-1f1f3.png 46 68 86
1f1f5-1f1f7.png 124 80 92
1f1f5-1f1f8.png 103 79 64
1f1f5-1f1f9.png 145 41 29
1f1f5-1f1fc.png 59 132 111
1f1f5-1f1fe.png 114 87 99
1f1f5.png 165 90 33
1f1f6-1f1e6.png 131 73 103
1f1f6.png 165 94 39
1f1f7-1f1ea.png 65 64 82
1f1f7-1f1f4.png 119 86 48
1f1f7-1f1f8.png 119 86 95
1f1f7-1f1fa.png 95 76 95
1f1f7-1f1fc.png 78 129 81
1f1f7.png 165 93 38
1f1f8-1f1e6.png 66 106 35
1f1f8-1f1e7.png 70 99 53
1f1f8-1f1e8.png 101 87 62
1f1f8-1f1e9.png 103 79 64
1f1f8-1f1ea.png 89 115 74
1f1f8-1f1ec.png 163 100 103
1f1f8-1f1ed.png 50 69 89
1f1f8-1f1ee.png 93 73 93
1f1f8-1f1ef.png 111 60 76
1f1f8-1f1f0.png 112 80 95
1f1f8-1f1f1.png 87 121 112
1f1f8-1f1f2.png 126 152 143
1f1f8-1f1f3.png 131 98 28
1f1f8-1f1f4.png 21 103 140
1f1f8-1f1f7.png 129 84 58
1f1f8-1f1f8.png 69 60 53
1f1f8-1f1f9.png 109 91 26
1f1f8-1f1fb.png 69 98 115
1f1f8-1f1fd.png 98 64 79
1f1f8-1f1fe.png 121 83 85
1f1f8-1f1ff.png 101 62 59
1f1f8.png 165 92 36
1f1f9-1f1e6.png 48 70 95
1f1f9-1f1e8.png 63 76 84
1f1f9-1f1e9.png 119 86 48
1f1f9-1f1eb.png 47 68 97
1f1f9-1f1ec.png 129 102 35
1f1f9-1f1ed.png 82 87 108
1f1f9-1f1ef.png 146 129 111
1f1f9-1f1f0.png 58 86 73
1f1f9-1f1f1.png 141 48 34
1f1f9-1f1f2.png 75 96 29
1f1f9-1f1f3.png 160 56 62
1f1f9-1f1f4.png 159 42 49
1f1f9-1f1f7.png 159 38 45
1f1f9-1f1f9.png 117 47 54
1f1f9-1f1fb.png 66 101 110
1f1f9-1f1fc.png 127 34 47
1f1f9-1f1ff.png 54 73 47
1f1f9.png 164 87 28
1f1fa-1f1e6.png 88 103 62
1f1fa-1f1ec.png 129 85 46
1f1fa-1f1f2.png 125 84 96
1f1fa-1f1f3.png 27 107 142
1f1fa-1f1f8.png 125 84 96
1f1fa-1f1fe.png 112 128 134
1f1fa-1f1ff.png 98 126 111
1f1fa.png 165 91 35
1f1fb-1f1e6.png 170 157 91
1f1fb-1f1e8.png 107 119 39
1f1fb-1f1ea.png 99 74 57
1f1fb-1f1ec.png 49 70 82
1f1fb-1f1ee.png 159 157 139
1f1fb-1f1f3.png 160 36 28
1f1fb-1f1fa.png 97 65 30
1f1fb.png 164 89 30
1f1fc-1f1eb.png 150 49 57
1f1fc-1f1f8.png 121 29 44
1f1fc.png 165 96 44
1f1fd-1f1f0.png 29 64 82
1f1fd.png 165 90 33
1f1fe-1f1ea.png 126 85 90
1f1fe-1f1f9.png 154 148 150
1f1fe.png 164 87 28
1f1ff-1f1e6.png 85 87 56
1f1ff-1f1f2.png 73 85 24
1f1ff-1f1fc.png 131 91 52
1f1ff.png 165 90 33
1f201.png 36 111 156
1f202.png 26 105 153
1f21a.png 203 122 58
1f22f.png 123 164 63
1f232.png 199 71 77
1f233.png 155 102 203
1f234.png 199 72 78
1f235.png 199 73 79
1f236.png 203 118 52
1f237.png 202 114 44
1f238.png 203 114 45
1f239.png 198 63 70
1f23a.png 203 119 53
1f250.png 161 55 60
1f251.png 165 96 43
1f300.png 15 69 94
1f301.png 120 126 122
1f302.png 76 57 8
1f303.png 24 76 106
1f304.png 140 112 45
1f305.png 167 176 115
1f306.png 140 66 22
1f307.png 143 77 26
1f308.png 84 58 43
1f309.png 13 90 133
1f30a.png 36 108 142
1f30b.png 100 85 63
1f30c.png 53 59 121
1f30d.png 60 137 92
1f30e.png 37 129 115
1f30f.png 36 129 116
1f310.png 0 49 79
1f311.png 52 62 68
1f312.png 78 84 76
1f313.png 117 115 87
1f314.png 147 139 95
1f315.png 172 159 103
1f316.png 145 138 95
1f317.png 114 113 87
1f318.png 77 83 76
1f319.png 67 62 38
1f31a.png 96 105 110
1f31b.png 71 64 40
1f31c.png 71 64 40
1f31d.png 164 151 99
1f31e.png 102 78 4
1f31f.png 97 79 6
1f320.png 91 76 32
1f321.png 46 37 38
1f324.png 91 89 54
1f325.png 97 108 105
1f326.png 84 89 84
1f327.png 75 82 86
1f328.png 69 83 89
1f329.png 79 77 65
1f32a.png 94 99 104
1f32b.png 37 39 41
1f32c.png 64 79 83
1f32d.png 122 80 31
1f32e.png 129 103 37
1f32f.png 117 98 68
1f330.png 75 53 42
1f331.png 28 42 8
1f332.png 53 73 16
1f333.png 76 105 24
1f334.png 46 59 16
1f335.png 54 79 17
1f336.png 81 15 14
1f337.png 69 40 36
1f338.png 125 73 85
1f339.png 78 30 13
1f33a.png 153 77 83
1f33b.png 78 68 15
1f33c.png 115 107 38
1f33d.png 95 111 19
1f33e.png 47 54 9
1f33f.png 32 46 9
1f340.png 73 102 24
1f341.png 96 38 35
1f342.png 108 70 1
1f343.png 58 81 25
1f344.png 123 60 57
1f345.png 132 36 26
1f346.png 66 14 60
1f347.png 89 31 77
1f348.png 138 143 82
1f349.png 115 56 39
1f34a.png 138 73 12
1f34b.png 125 120 24
1f34c.png 74 66 21
1f34d.png 80 74 7
1f34e.png 135 24 24
1f34f.png 87 120 29
1f350.png 75 81 8
1f351.png 140 71 33
1f352.png 101 36 17
1f353.png 126 45 23
1f354.png 166 123 17
1f355.png 113 63 24
1f356.png 69 57 48
1f357.png 73 56 44
1f358.png 94 67 52
1f359.png 101 104 108
1f35a.png 119 126 129
1f35b.png 101 86 67
1f35c.png 130 106 74
1f35d.png 86 65 53
1f35e.png 160 133 102
1f35f.png 171 92 17
1f360.png 102 63 15
1f361.png 78 72 54
1f362.png 73 56 32
1f363.png 127 92 66
1f364.png 127 93 4
1f365.png 135 122 130
1f366.png 100 79 51
1f367.png 76 72 49
1f368.png 109 103 91
1f369.png 92 68 46
1f36a.png 156 120 79
1f36b.png 74 49 55
1f36c.png 74 56 55
1f36d.png 86 61 41
1f36e.png 82 67 45
1f36f.png 131 102 53
1f370.png 149 111 72
1f371.png 100 66 59
1f372.png 67 60 44
1f373.png 64 65 65
1f374.png 30 33 34
1f375.png 109 119 108
1f376.png 103 101 105
1f377.png 57 34 35
1f378.png 61 62 60
1f379.png 100 85 47
1f37a.png 116 97 65
1f37b.png 113 101 74
1f37c.png 75 89 86
1f37d.png 102 105 107
1f37e.png 31 35 20
1f37f.png 135 93 86
1f380.png 100 7 9
1f381.png 71 77 44
1f382.png 83 74 65
1f383.png 115 71 6
1f384.png 45 58 15
1f385-1f3fb.png 145 105 104
1f385-1f3fc.png 144 102 99
1f385-1f3fd.png 141 98 96
1f385-1f3fe.png 137 94 93
1f385-1f3ff.png 134 92 91
1f385.png 145 104 93
1f386.png 16 42 31
1f387.png 41 32 7
1f388.png 77 10 13
1f389.png 53 43 20
1f38a.png 85 64 40
1f38b.png 48 39 12
1f38c.png 63 56 58
1f38d.png 82 86 42
1f38e.png 87 63 57
1f38f.png 57 55 61
1f390.png 49 62 70
1f391.png 68 107 122
1f392.png 143 38 40
1f393.png 20 21 21
1f396.png 67 49 26
1f397.png 75 55 0
1f399.png 59 60 64
1f39a.png 104 108 108
1f39b.png 166 172 175
1f39e.png 119 122 127
1f39f.png 95 37 55
1f3a0.png 69 70 57
1f3a1.png 45 40 38
1f3a2.png 60 24 21
1f3a3.png 15 26 30
1f3a4.png 33 49 58
1f3a5.png 35 36 42
1f3a6.png 113 77 93
1f3a7.png 43 44 49
1f3a8.png 121 88 18
1f3a9.png 50 37 45
1f3aa.png 95 51 54
1f3ab.png 58 116 141
1f3ac.png 56 55 63
1f3ad.png 64 49 46
1f3ae.png 28 26 30
1f3af.png 148 76 84
1f3b0.png 116 113 121
1f3b1.png 52 50 58
1f3b2.png 130 131 134
1f3b3.png 79 80 84
1f3b4.png 105 51 59
1f3b5.png 12 11 15
1f3b6.png 11 10 13
1f3b7.png 75 57 1
1f3b8.png 42 29 10
1f3b9.png 151 156 161
1f3ba.png 62 49 4
1f3bb.png 64 41 10
1f3bc.png 28 29 32
1f3bd.png 29 74 83
1f3be.png 63 49 35
1f3bf.png 30 45 16
1f3c0.png 139 90 20
1f3c1.png 83 84 90
1f3c2-1f3fb.png 90 89 84
1f3c2-1f3fc.png 90 89 83
1f3c2-1f3fd.png 89 88 83
1f3c2-1f3fe.png 89 88 83
1f3c2-1f3ff.png 89 88 83
1f3c2.png 90 89 83
1f3c3-1f3fb-2640.png 33 24 35
1f3c3-1f3fb-2642.png 32 33 22
1f3c3-1f3fb.png 32 33 22
1f3c3-1f3fc-2640.png 38 27 35
1f3c3-1f3fc-2642.png 34 34 20
1f3c3-1f3fc.png 34 34 20
1f3c3-1f3fd-2640.png 33 21 32
1f3c3-1f3fd-2642.png 31 30 18
1f3c3-1f3fd.png 31 30 18
1f3c3-1f3fe-2640.png 30 19 30
1f3c3-1f3fe-2642.png 28 28 16
1f3c3-1f3fe.png 28 28 16
1f3c3-1f3ff-2640.png 27 17 29
1f3c3-1f3ff-2642.png 26 26 15
1f3c3-1f3ff.png 26 26 15
1f3c3-2640.png 40 26 27
1f3c3-2642.png 36 34 14
1f3c3.png 36 34 14
1f3c4-1f3fb-2640.png 64 73 91
1f3c4-1f3fb-2642.png 69 85 101
1f3c4-1f3fb.png 69 85 101
1f3c4-1f3fc-2640.png 67 72 88
1f3c4-1f3fc-2642.png 69 80 95
1f3c4-1f3fc.png 69 80 95
1f3c4-1f3fd-2640.png 62 66 84
1f3c4-1f3fd-2642.png 63 73 90
1f3c4-1f3fd.png 63 73 90
1f3c4-1f3fe-2640.png 57 63 81
1f3c4-1f3fe-2642.png 57 68 85
1f3c4-1f3fe.png 57 68 85
1f3c4-1f3ff-2640.png 54 60 79
1f3c4-1f3ff-2642.png 52 64 83
1f3c4-1f3ff.png 52 64 83
1f3c4-2640.png 69 73 79
1f3c4-2642.png 71 83 84
1f3c4.png 71 83 84
1f3c5.png 50 64 38
1f3c6.png 111 84 11
1f3c7-1f3fb.png 67 50 36
1f3c7-1f3fc.png 67 49 35
1f3c7-1f3fd.png 66 48 35
1f3c7-1f3fe.png 66 48 34
1f3c7-1f3ff.png 65 47 34
1f3c7.png 66 48 33
1f3c8.png 111 75 63
1f3c9.png 115 76 38
1f3ca-1f3fb-2640.png 68 88 102
1f3ca-1f3fb-2642.png 75 97 102
1f3ca-1f3fb.png 75 97 102
1f3ca-1f3fc-2640.png 66 82 95
1f3ca-1f3fc-2642.png 73 90 94
1f3ca-1f3fc.png 73 90 94
1f3ca-1f3fd-2640.png 62 77 91
1f3ca-1f3fd-2642.png 66 82 87
1f3ca-1f3fd.png 66 82 87
1f3ca-1f3fe-2640.png 56 73 86
1f3ca-1f3fe-2642.png 59 76 80
1f3ca-1f3fe.png 59 76 80
1f3ca-1f3ff-2640.png 52 69 85
1f3ca-1f3ff-2642.png 53 71 78
1f3ca-1f3ff.png 53 71 78
1f3ca-2640.png 68 85 86
1f3ca-2642.png 75 94 81
1f3ca.png 75 94 81
1f3cb-1f3fb-2640.png 43 36 39
1f3cb-1f3fb-2642.png 51 37 34
1f3cb-1f3fb.png 51 37 34
1f3cb-1f3fc-2640.png 45 34 36
1f3cb-1f3fc-2642.png 51 33 29
1f3cb-1f3fc.png 51 33 29
1f3cb-1f3fd-2640.png 39 28 31
1f3cb-1f3fd-2642.png 46 28 25
1f3cb-1f3fd.png 46 28 25
1f3cb-1f3fe-2640.png 34 24 28
1f3cb-1f3fe-2642.png 41 24 21
1f3cb-1f3fe.png 41 24 21
1f3cb-1f3ff-2640.png 31 21 26
1f3cb-1f3ff-2642.png 37 21 20
1f3cb-1f3ff.png 37 21 20
1f3cb-2640.png 46 35 26
1f3cb-2642.png 52 35 20
1f3cb.png 52 35 20
1f3cc-1f3fb-2640.png 40 36 41
1f3cc-1f3fb-2642.png 34 36 37
1f3cc-1f3fb.png 34 36 37
1f3cc-1f3fc-2640.png 41 35 39
1f3cc-1f3fc-2642.png 33 34 35
1f3cc-1f3fc.png 33 34 35
1f3cc-1f3fd-2640.png 38 32 37
1f3cc-1f3fd-2642.png 31 32 33
1f3cc-1f3fd.png 31 32 33
1f3cc-1f3fe-2640.png 36 30 35
1f3cc-1f3fe-2642.png 29 30 32
1f3cc-1f3fe.png 29 30 32
1f3cc-1f3ff-2640.png 34 29 34
1f3cc-1f3ff-2642.png 28 29 31
1f3cc-1f3ff.png 28 29 31
1f3cc-2640.png 42 36 34
1f3cc-2642.png 33 35 31
1f3cc.png 33 35 31
1f3cd.png 57 24 28
1f3ce.png 27 10 12
1f3cf.png 69 45 17
1f3d0.png 153 157 159
1f3d1.png 42 32 8
1f3d2.png 32 25 28
1f3d3.png 121 26 22
1f3d4.png 94 109 89
1f3d5.png 99 113 22
1f3d6.png 134 111 79
1f3d7.png 53 46 15
1f3d8.png 106 106 88
1f3d9.png 96 116 112
1f3da.png 112 99 99
1f3db.png 106 109 113
1f3dc.png 123 111 38
1f3dd.png 84 98 72
1f3de.png 66 102 65
1f3df.png 88 87 88
1f3e0.png 116 115 106
1f3e1.png 98 110 63
1f3e2.png 141 172 188
1f3e3.png 134 150 162
1f3e4.png 116 104 106
1f3e5.png 76 97 109
1f3e6.png 121 125 129
1f3e7.png 114 121 116
1f3e8.png 74 80 79
1f3e9.png 146 90 114
1f3ea.png 109 83 78
1f3eb.png 125 101 92
1f3ec.png 139 162 178
1f3ed.png 100 63 63
1f3ee.png 95 14 10
1f3ef.png 100 63 59
1f3f0.png 92 106 116
1f3f3-1f308.png 85 64 41
1f3f3.png 107 112 115
1f3f4.png 30 29 37
1f3f5.png 141 107 2
1f3f7.png 81 66 25
1f3f8.png 41 41 42
1f3f9.png 39 27 21
1f3fa.png 61 38 11
1f3fb.png 175 155 130
1f3fc.png 175 143 118
1f3fd.png 147 113 85
1f3fe.png 124 86 59
1f3ff.png 95 71 61
1f400.png 48 42 47
1f401.png 74 71 73
1f402.png 64 45 31
1f403.png 30 35 38
1f404.png 52 53 56
1f405.png 58 40 11
1f406.png 61 50 29
1f407.png 66 67 70
1f408.png 108 84 4
1f409.png 67 90 20
1f40a.png 33 54 12
1f40b.png 31 79 89
1f40c.png 85 65 53
1f40d.png 70 82 10
1f40e.png 56 40 29
1f40f.png 72 51 37
1f410.png 73 68 64
1f411.png 94 89 86
1f412.png 78 59 48
1f413.png 92 75 74
1f414.png 118 92 87
1f415.png 81 62 46
1f416.png 105 65 74
1f417.png 111 81 73
1f418.png 63 70 72
1f419.png 90 25 31
1f41a.png 117 100 80
1f41b.png 60 67 15
1f41c.png 39 19 2
1f41d.png 50 44 34
1f41e.png 62 23 26
1f41f.png 6 59 75
1f420.png 86 74 14
1f421.png 100 76 56
1f422.png 64 67 23
1f423.png 120 104 37
1f424.png 91 72 2
1f425.png 107 86 4
1f426.png 16 68 78
1f427.png 85 81 80
1f428.png 92 100 105
1f429.png 70 76 78
1f42a.png 57 43 32
1f42b.png 49 34 23
1f42c.png 18 78 91
1f42d.png 105 106 109
1f42e.png 85 81 84
1f42f.png 148 108 40
1f430.png 90 89 90
1f431.png 152 116 7
1f432.png 71 90 23
1f433.png 24 85 97
1f434.png 86 63 49
1f435.png 89 68 57
1f436.png 118 88 70
1f437.png 167 119 131
1f438.png 99 93 45
1f439.png 171 145 113
1f43a.png 96 104 108
1f43b.png 111 78 56
1f43c.png 108 114 119
1f43d.png 123 69 82
1f43e.png 2 34 40
1f43f.png 82 62 45
1f440.png 87 87 90
1f441-1f5e8.png 49 47 53
1f441.png 60 56 57
1f442-1f3fb.png 125 106 85
1f442-1f3fc.png 119 87 66
1f442-1f3fd.png 100 67 48
1f442-1f3fe.png 79 51 31
1f442-1f3ff.png 66 38 26
1f442.png 120 94 28
1f443-1f3fb.png 103 88 71
1f443-1f3fc.png 99 72 55
1f443-1f3fd.png 83 56 41
1f443-1f3fe.png 66 43 27
1f443-1f3ff.png 55 32 22
1f443.png 102 81 25
1f444.png 71 22 23
1f445.png 96 44 41
1f446-1f3fb.png 96 82 67
1f446-1f3fc.png 92 68 51
1f446-1f3fd.png 78 53 38
1f446-1f3fe.png 62 40 25
1f446-1f3ff.png 52 30 21
1f446.png 94 75 24
1f447-1f3fb.png 96 82 67
1f447-1f3fc.png 92 68 51
1f447-1f3fd.png 78 53 38
1f447-1f3fe.png 62 40 25
1f447-1f3ff.png 52 30 21
1f447.png 94 75 24
1f448-1f3fb.png 96 83 67
1f448-1f3fc.png 92 68 51
1f448-1f3fd.png 78 53 38
1f448-1f3fe.png 62 40 25
1f448-1f3ff.png 52 30 21
1f448.png 94 75 24
1f449-1f3fb.png 96 82 67
1f449-1f3fc.png 92 68 51
1f449-1f3fd.png 78 53 38
1f449-1f3fe.png 62 40 25
1f449-1f3ff.png 52 30 21
1f449.png 94 75 24
1f44a-1f3fb.png 155 130 104
1f44a-1f3fc.png 148 107 81
1f44a-1f3fd.png 124 83 59
1f44a-1f3fe.png 98 63 39
1f44a-1f3ff.png 81 47 32
1f44a.png 150 117 34
1f44b-1f3fb.png 126 108 88
1f44b-1f3fc.png 120 89 69
1f44b-1f3fd.png 102 70 51
1f44b-1f3fe.png 81 54 35
1f44b-1f3ff.png 68 41 30
1f44b.png 122 97 32
1f44c-1f3fb.png 94 80 65
1f44c-1f3fc.png 90 66 50
1f44c-1f3fd.png 76 51 37
1f44c-1f3fe.png 60 39 24
1f44c-1f3ff.png 50 29 20
1f44c.png 92 72 23
1f44d-1f3fb.png 90 76 61
1f44d-1f3fc.png 86 62 47
1f44d-1f3fd.png 72 48 34
1f44d-1f3fe.png 57 36 22
1f44d-1f3ff.png 47 27 19
1f44d.png 87 68 19
1f44e-1f3fb.png 90 76 61
1f44e-1f3fc.png 86 62 47
1f44e-1f3fd.png 72 48 34
1f44e-1f3fe.png 57 36 22
1f44e-1f3ff.png 47 27 19
1f44e.png 87 68 19
1f44f-1f3fb.png 120 102 81
1f44f-1f3fc.png 115 84 64
1f44f-1f3fd.png 96 65 47
1f44f-1f3fe.png 76 50 32
1f44f-1f3ff.png 63 37 26
1f44f.png 116 91 27
1f450-1f3fb.png 104 89 72
1f450-1f3fc.png 100 73 55
1f450-1f3fd.png 84 57 41
1f450-1f3fe.png 67 43 26
1f450-1f3ff.png 56 32 22
1f450.png 102 80 25
1f451.png 90 85 27
1f452.png 92 66 62
1f453.png 32 35 37
1f454.png 145 168 179
1f455.png 108 113 116
1f456.png 0 38 62
1f457.png 74 32 47
1f458.png 131 47 40
1f459.png 31 41 16
1f45a.png 136 59 86
1f45b.png 29 95 106
1f45c.png 127 46 75
1f45d.png 142 49 49
1f45e.png 59 41 29
1f45f.png 59 68 61
1f460.png 38 36 41
1f461.png 52 46 31
1f462.png 87 13 17
1f463.png 0 39 57
1f464.png 36 44 48
1f465.png 34 41 45
1f466-1f3fb.png 121 104 88
1f466-1f3fc.png 139 108 77
1f466-1f3fd.png 112 76 58
1f466-1f3fe.png 92 61 43
1f466-1f3ff.png 74 48 37
1f466.png 149 109 34
1f467-1f3fb.png 127 109 95
1f467-1f3fc.png 157 125 89
1f467-1f3fd.png 125 87 69
1f467-1f3fe.png 104 72 54
1f467-1f3ff.png 83 59 49
1f467.png 170 123 40
1f468-1f33e.png 116 105 67
1f468-1f373.png 122 117 96
1f468-1f393.png 85 70 40
1f468-1f3a4.png 61 75 61
1f468-1f3a8.png 108 95 50
1f468-1f3eb.png 101 99 53
1f468-1f3ed.png 80 79 60
1f468-1f3fb-1f33e.png 116 108 87
1f468-1f3fb-1f373.png 121 120 115
1f468-1f3fb-1f393.png 84 73 65
1f468-1f3fb-1f3a4.png 61 78 83
1f468-1f3fb-1f3a8.png 95 93 82
1f468-1f3fb-1f3eb.png 91 98 77
1f468-1f3fb-1f3ed.png 80 81 79
1f468-1f3fb-1f4bb.png 117 115 110
1f468-1f3fb-1f4bc.png 74 83 79
1f468-1f3fb-1f527.png 84 91 89
1f468-1f3fb-1f52c.png 110 106 95
1f468-1f3fb-1f680.png 130 128 124
1f468-1f3fb-1f692.png 114 52 39
1f468-1f3fb-2695.png 101 94 86
1f468-1f3fb-2696.png 96 81 71
1f468-1f3fb-2708.png 71 62 54
1f468-1f3fb.png 123 106 89
1f468-1f3fc-1f33e.png 114 102 80
1f468-1f3fc-1f373.png 120 113 108
1f468-1f3fc-1f393.png 83 66 57
1f468-1f3fc-1f3a4.png 59 71 75
1f468-1f3fc-1f3a8.png 104 93 76
1f468-1f3fc-1f3eb.png 97 98 72
1f468-1f3fc-1f3ed.png 78 76 72
1f468-1f3fc-1f4bb.png 126 117 106
1f468-1f3fc-1f4bc.png 82 82 72
1f468-1f3fc-1f527.png 92 90 80
1f468-1f3fc-1f52c.png 118 107 89
1f468-1f3fc-1f680.png 131 124 118
1f468-1f3fc-1f692.png 112 46 34
1f468-1f3fc-2695.png 109 93 78
1f468-1f3fc-2696.png 104 81 64
1f468-1f3fc-2708.png 70 57 48
1f468-1f3fc.png 137 105 76
1f468-1f3fd-1f33e.png 108 95 73
1f468-1f3fd-1f373.png 113 106 102
1f468-1f3fd-1f393.png 74 56 49
1f468-1f3fd-1f3a4.png 52 64 69
1f468-1f3fd-1f3a8.png 89 76 64
1f468-1f3fd-1f3eb.png 86 84 63
1f468-1f3fd-1f3ed.png 72 69 67
1f468-1f3fd-1f4bb.png 114 102 97
1f468-1f3fd-1f4bc.png 68 65 61
1f468-1f3fd-1f527.png 76 72 69
1f468-1f3fd-1f52c.png 105 91 79
1f468-1f3fd-1f680.png 124 116 112
1f468-1f3fd-1f692.png 107 41 29
1f468-1f3fd-2695.png 95 76 68
1f468-1f3fd-2696.png 89 64 53
1f468-1f3fd-2708.png 64 50 42
1f468-1f3fd.png 112 76 58
1f468-1f3fe-1f33e.png 101 89 67
1f468-1f3fe-1f373.png 106 100 96
1f468-1f3fe-1f393.png 64 49 41
1f468-1f3fe-1f3a4.png 44 57 62
1f468-1f3fe-1f3a8.png 76 67 55
1f468-1f3fe-1f3eb.png 76 78 56
1f468-1f3fe-1f3ed.png 65 64 61
1f468-1f3fe-1f4bb.png 105 96 90
1f468-1f3fe-1f4bc.png 56 56 52
1f468-1f3fe-1f527.png 64 63 59
1f468-1f3fe-1f52c.png 94 83 71
1f468-1f3fe-1f680.png 117 110 106
1f468-1f3fe-1f692.png 101 36 24
1f468-1f3fe-2695.png 83 68 59
1f468-1f3fe-2696.png 77 55 44
1f468-1f3fe-2708.png 57 44 36
1f468-1f3fe.png 91 61 42
1f468-1f3ff-1f33e.png 96 84 66
1f468-1f3ff-1f373.png 101 96 94
1f468-1f3ff-1f393.png 58 43 39
1f468-1f3ff-1f3a4.png 39 52 60
1f468-1f3ff-1f3a8.png 66 59 52
1f468-1f3ff-1f3eb.png 69 72 54
1f468-1f3ff-1f3ed.png 61 60 59
1f468-1f3ff-1f4bb.png 97 90 88
1f468-1f3ff-1f4bc.png 46 49 49
1f468-1f3ff-1f527.png 53 55 56
1f468-1f3ff-1f52c.png 85 77 68
1f468-1f3ff-1f680.png 111 105 104
1f468-1f3ff-1f692.png 97 32 22
1f468-1f3ff-2695.png 73 60 56
1f468-1f3ff-2696.png 67 47 41
1f468-1f3ff-2708.png 52 40 34
1f468-1f3ff.png 74 48 37
1f468-1f466-1f466.png 102 93 47
1f468-1f466.png 72 72 40
1f468-1f467-1f466.png 104 91 48
1f468-1f467-1f467.png 106 90 48
1f468-1f467.png 74 70 40
1f468-1f468-1f466-1f466.png 156 141 63
1f468-1f468-1f466.png 137 143 70
1f468-1f468-1f467-1f466.png 157 139 63
1f468-1f468-1f467-1f467.png 159 137 63
1f468-1f468-1f467.png 138 141 70
1f468-1f469-1f466-1f466.png 166 131 62
1f468-1f469-1f466.png 152 122 69
1f468-1f469-1f467-1f466.png 167 129 62
1f468-1f469-1f467-1f467.png 169 127 62
1f468-1f469-1f467.png 154 120 69
1f468-1f4bb.png 131 118 86
1f468-1f4bc.png 88 84 47
1f468-1f527.png 97 92 55
1f468-1f52c.png 123 109 67
1f468-1f680.png 134 127 104
1f468-1f692.png 113 49 23
1f468-2695.png 114 95 54
1f468-2696.png 109 83 39
1f468-2708.png 72 60 35
1f468-2764-1f468.png 123 92 43
1f468-2764-1f48b-1f468.png 120 83 34
1f468.png 146 109 35
1f469-1f33e.png 133 106 66
1f469-1f373.png 137 123 97
1f469-1f393.png 98 76 39
1f469-1f3a4.png 95 69 80
1f469-1f3a8.png 132 94 43
1f469-1f3eb.png 107 85 46
1f469-1f3ed.png 95 79 56
1f469-1f3fb-1f33e.png 126 106 88
1f469-1f3fb-1f373.png 127 122 119
1f469-1f3fb-1f393.png 86 74 67
1f469-1f3fb-1f3a4.png 96 72 98
1f469-1f3fb-1f3a8.png 102 84 78
1f469-1f3fb-1f3eb.png 84 78 73
1f469-1f3fb-1f3ed.png 87 78 78
1f469-1f3fb-1f4bb.png 118 111 109
1f469-1f3fb-1f4bc.png 93 74 77
1f469-1f3fb-1f527.png 100 80 87
1f469-1f3fb-1f52c.png 112 104 94
1f469-1f3fb-1f680.png 127 125 122
1f469-1f3fb-1f692.png 114 54 42
1f469-1f3fb-2695.png 99 87 81
1f469-1f3fb-2696.png 95 81 71
1f469-1f3fb-2708.png 70 61 53
1f469-1f3fb.png 124 105 90
1f469-1f3fc-1f33e.png 130 104 83
1f469-1f3fc-1f373.png 133 122 114
1f469-1f3fc-1f393.png 94 75 62
1f469-1f3fc-1f3a4.png 94 66 92
1f469-1f3fc-1f3a8.png 125 97 76
1f469-1f3fc-1f3eb.png 100 86 71
1f469-1f3fc-1f3ed.png 92 77 73
1f469-1f3fc-1f4bb.png 132 119 107
1f469-1f3fc-1f4bc.png 112 83 74
1f469-1f3fc-1f527.png 119 89 83
1f469-1f3fc-1f52c.png 131 115 92
1f469-1f3fc-1f680.png 133 126 117
1f469-1f3fc-1f692.png 118 53 37
1f469-1f3fc-2695.png 118 97 78
1f469-1f3fc-2696.png 113 90 68
1f469-1f3fc-2708.png 76 61 49
1f469-1f3fc.png 160 125 85
1f469-1f3fd-1f33e.png 120 93 75
1f469-1f3fd-1f373.png 123 110 106
1f469-1f3fd-1f393.png 80 60 52
1f469-1f3fd-1f3a4.png 88 59 86
1f469-1f3fd-1f3a8.png 102 71 63
1f469-1f3fd-1f3eb.png 84 67 61
1f469-1f3fd-1f3ed.png 82 66 65
1f469-1f3fd-1f4bb.png 117 102 98
1f469-1f3fd-1f4bc.png 91 59 61
1f469-1f3fd-1f527.png 98 65 70
1f469-1f3fd-1f52c.png 112 92 80
1f469-1f3fd-1f680.png 123 115 111
1f469-1f3fd-1f692.png 110 43 31
1f469-1f3fd-2695.png 98 73 65
1f469-1f3fd-2696.png 93 66 55
1f469-1f3fd-2708.png 66 50 41
1f469-1f3fd.png 124 82 63
1f469-1f3fe-1f33e.png 112 87 69
1f469-1f3fe-1f373.png 115 104 100
1f469-1f3fe-1f393.png 69 52 44
1f469-1f3fe-1f3a4.png 81 54 81
1f469-1f3fe-1f3a8.png 88 62 54
1f469-1f3fe-1f3eb.png 74 60 54
1f469-1f3fe-1f3ed.png 73 60 59
1f469-1f3fe-1f4bb.png 108 95 91
1f469-1f3fe-1f4bc.png 77 49 51
1f469-1f3fe-1f527.png 84 55 60
1f469-1f3fe-1f52c.png 100 84 72
1f469-1f3fe-1f680.png 116 109 105
1f469-1f3fe-1f692.png 102 38 26
1f469-1f3fe-2695.png 84 64 56
1f469-1f3fe-2696.png 80 57 46
1f469-1f3fe-2708.png 58 44 36
1f469-1f3fe.png 101 66 48
1f469-1f3ff-1f33e.png 105 82 67
1f469-1f3ff-1f373.png 108 99 98
1f469-1f3ff-1f393.png 61 45 41
1f469-1f3ff-1f3a4.png 76 50 79
1f469-1f3ff-1f3a8.png 74 53 50
1f469-1f3ff-1f3eb.png 63 54 51
1f469-1f3ff-1f3ed.png 67 55 57
1f469-1f3ff-1f4bb.png 99 89 89
1f469-1f3ff-1f4bc.png 64 41 48
1f469-1f3ff-1f527.png 71 46 56
1f469-1f3ff-1f52c.png 88 76 69
1f469-1f3ff-1f680.png 110 105 103
1f469-1f3ff-1f692.png 97 34 24
1f469-1f3ff-2695.png 72 56 52
1f469-1f3ff-2696.png 67 49 42
1f469-1f3ff-2708.png 52 40 34
1f469-1f3ff.png 78 52 42
1f469-1f466-1f466.png 123 85 34
1f469-1f466.png 97 62 24
1f469-1f467-1f466.png 125 84 35
1f469-1f467-1f467.png 126 82 35
1f469-1f467.png 98 60 25
1f469-1f469-1f466-1f466.png 189 126 54
1f469-1f469-1f466.png 191 112 56
1f469-1f469-1f467-1f466.png 190 124 54
1f469-1f469-1f467-1f467.png 191 122 55
1f469-1f469-1f467.png 192 111 57
1f469-1f4bb.png 138 118 84
1f469-1f4bc.png 120 82 41
1f469-1f527.png 128 88 50
1f469-1f52c.png 139 113 63
1f469-1f680.png 136 127 102
1f469-1f692.png 121 54 23
1f469-2695.png 126 96 46
1f469-2696.png 122 89 36
1f469-2708.png 79 62 32
1f469-2764-1f468.png 132 83 42
1f469-2764-1f469.png 153 79 36
1f469-2764-1f48b-1f468.png 135 83 33
1f469-2764-1f48b-1f469.png 156 86 30
1f469.png 174 122 31
1f46a.png 152 122 69
1f46b.png 80 65 36
1f46c.png 66 69 37
1f46d.png 99 64 35
1f46e-1f3fb-2640.png 53 67 69
1f46e-1f3fb-2642.png 51 68 71
1f46e-1f3fb.png 51 68 71
1f46e-1f3fc-2640.png 57 67 65
1f46e-1f3fc-2642.png 50 63 65
1f46e-1f3fc.png 50 63 65
1f46e-1f3fd-2640.png 49 58 59
1f46e-1f3fd-2642.png 44 57 60
1f46e-1f3fd.png 44 57 60
1f46e-1f3fe-2640.png 42 53 54
1f46e-1f3fe-2642.png 38 52 55
1f46e-1f3fe.png 38 52 55
1f46e-1f3ff-2640.png 36 48 52
1f46e-1f3ff-2642.png 34 48 54
1f46e-1f3ff.png 34 48 54
1f46e-2640.png 60 68 51
1f46e-2642.png 51 65 54
1f46e.png 51 65 54
1f46f-2640.png 58 40 19
1f46f-2642.png 47 35 20
1f46f.png 58 40 19
1f470-1f3fb.png 129 116 109
1f470-1f3fc.png 151 129 108
1f470-1f3fd.png 130 104 95
1f470-1f3fe.png 117 95 86
1f470-1f3ff.png 104 88 83
1f470.png 160 126 76
1f471-1f3fb-2640.png 153 127 95
1f471-1f3fb-2642.png 150 128 97
1f471-1f3fb.png 150 128 97
1f471-1f3fc-2640.png 150 118 84
1f471-1f3fc-2642.png 146 112 80
1f471-1f3fc.png 146 112 80
1f471-1f3fd-2640.png 141 109 75
1f471-1f3fd-2642.png 131 96 66
1f471-1f3fd.png 131 96 66
1f471-1f3fe-2640.png 131 101 67
1f471-1f3fe-2642.png 115 83 52
1f471-1f3fe.png 115 83 52
1f471-1f3ff-2640.png 124 94 64
1f471-1f3ff-2642.png 104 73 48
1f471-1f3ff.png 104 73 48
1f471-2640.png 152 123 68
1f471-2642.png 149 120 53
1f471.png 149 120 53
1f472-1f3fb.png 92 80 75
1f472-1f3fc.png 91 71 65
1f472-1f3fd.png 81 60 56
1f472-1f3fe.png 70 52 47
1f472-1f3ff.png 63 45 44
1f472.png 93 76 47
1f473-1f3fb-2640.png 74 98 106
1f473-1f3fb-2642.png 77 100 108
1f473-1f3fb.png 77 100 108
1f473-1f3fc-2640.png 72 89 96
1f473-1f3fc-2642.png 74 90 98
1f473-1f3fc.png 74 90 98
1f473-1f3fd-2640.png 63 79 89
1f473-1f3fd-2642.png 65 81 90
1f473-1f3fd.png 65 81 90
1f473-1f3fe-2640.png 54 72 81
1f473-1f3fe-2642.png 55 73 81
1f473-1f3fe.png 55 73 81
1f473-1f3ff-2640.png 48 66 78
1f473-1f3ff-2642.png 49 67 79
1f473-1f3ff.png 49 67 79
1f473-2640.png 74 93 81
1f473-2642.png 76 95 82
1f473.png 76 95 82
1f474-1f3fb.png 150 132 111
1f474-1f3fc.png 144 111 87
1f474-1f3fd.png 125 89 69
1f474-1f3fe.png 103 72 50
1f474-1f3ff.png 88 58 45
1f474.png 149 121 51
1f475-1f3fb.png 112 105 96
1f475-1f3fc.png 110 94 85
1f475-1f3fd.png 100 84 75
1f475-1f3fe.png 89 75 66
1f475-1f3ff.png 81 68 63
1f475.png 112 99 66
1f476-1f3fb.png 122 113 103
1f476-1f3fc.png 121 101 88
1f476-1f3fd.png 107 85 76
1f476-1f3fe.png 92 73 63
1f476-1f3ff.png 82 64 59
1f476.png 124 107 63
1f477-1f3fb-2640.png 108 93 47
1f477-1f3fb-2642.png 108 94 46
1f477-1f3fb.png 108 94 46
1f477-1f3fc-2640.png 112 92 42
1f477-1f3fc-2642.png 106 88 40
1f477-1f3fc.png 106 88 40
1f477-1f3fd-2640.png 103 81 35
1f477-1f3fd-2642.png 100 81 34
1f477-1f3fd.png 100 81 34
1f477-1f3fe-2640.png 95 76 29
1f477-1f3fe-2642.png 93 76 29
1f477-1f3fe.png 93 76 29
1f477-1f3ff-2640.png 89 71 27
1f477-1f3ff-2642.png 89 72 27
1f477-1f3ff.png 89 72 27
1f477-2640.png 116 94 26
1f477-2642.png 108 91 28
1f477.png 108 91 28
1f478-1f3fb.png 129 113 101
1f478-1f3fc.png 158 128 96
1f478-1f3fd.png 127 92 76
1f478-1f3fe.png 107 77 62
1f478-1f3ff.png 87 65 57
1f478.png 171 126 48
1f479.png 94 50 47
1f47a.png 123 37 42
1f47b.png 116 114 116
1f47c-1f3fb.png 103 100 96
1f47c-1f3fc.png 101 91 86
1f47c-1f3fd.png 92 81 78
1f47c-1f3fe.png 83 74 70
1f47c-1f3ff.png 77 68 68
1f47c.png 103 95 71
1f47d.png 86 117 35
1f47e.png 72 38 101
1f47f.png 162 63 55
1f480.png 122 127 131
1f481-1f3fb-2640.png 104 80 89
1f481-1f3fb-2642.png 86 91 88
1f481-1f3fb.png 104 80 89
1f481-1f3fc-2640.png 122 88 84
1f481-1f3fc-2642.png 93 90 79
1f481-1f3fc.png 122 88 84
1f481-1f3fd-2640.png 100 62 69
1f481-1f3fd-2642.png 76 70 66
1f481-1f3fd.png 100 62 69
1f481-1f3fe-2640.png 85 52 59
1f481-1f3fe-2642.png 62 59 55
1f481-1f3fe.png 85 52 59
1f481-1f3ff-2640.png 71 42 55
1f481-1f3ff-2642.png 50 50 51
1f481-1f3ff.png 71 42 55
1f481-2640.png 131 87 50
1f481-2642.png 99 93 49
1f481.png 131 87 50
1f482-1f3fb-2640.png 48 33 35
1f482-1f3fb-2642.png 46 32 34
1f482-1f3fb.png 46 32 34
1f482-1f3fc-2640.png 50 33 33
1f482-1f3fc-2642.png 45 29 31
1f482-1f3fc.png 45 29 31
1f482-1f3fd-2640.png 46 28 30
1f482-1f3fd-2642.png 43 26 28
1f482-1f3fd.png 43 26 28
1f482-1f3fe-2640.png 42 26 27
1f482-1f3fe-2642.png 40 24 26
1f482-1f3fe.png 40 24 26
1f482-1f3ff-2640.png 39 23 26
1f482-1f3ff-2642.png 38 22 25
1f482-1f3ff.png 38 22 25
1f482-2640.png 51 33 26
1f482-2642.png 46 31 26
1f482.png 46 31 26
1f483-1f3fb.png 70 34 30
1f483-1f3fc.png 81 41 29
1f483-1f3fd.png 70 28 23
1f483-1f3fe.png 64 24 18
1f483-1f3ff.png 57 20 17
1f483.png 86 40 13
1f484.png 48 30 33
1f485-1f3fb.png 122 67 58
1f485-1f3fc.png 119 58 49
1f485-1f3fd.png 109 48 40
1f485-1f3fe.png 98 40 31
1f485-1f3ff.png 91 33 29
1f485.png 119 62 29
1f486-1f3fb-2640.png 118 94 95
1f486-1f3fb-2642.png 109 107 97
1f486-1f3fb.png 118 94 95
1f486-1f3fc-2640.png 133 96 85
1f486-1f3fc-2642.png 114 99 82
1f486-1f3fc.png 133 96 85
1f486-1f3fd-2640.png 109 68 68
1f486-1f3fd-2642.png 94 76 66
1f486-1f3fd.png 109 68 68
1f486-1f3fe-2640.png 90 55 54
1f486-1f3fe-2642.png 75 62 51
1f486-1f3fe.png 90 55 54
1f486-1f3ff-2640.png 74 43 49
1f486-1f3ff-2642.png 61 50 46
1f486-1f3ff.png 74 43 49
1f486-2640.png 142 99 45
1f486-2642.png 120 105 47
1f486.png 142 99 45
1f487-1f3fb-2640.png 113 90 98
1f487-1f3fb-2642.png 72 75 73
1f487-1f3fb.png 113 90 98
1f487-1f3fc-2640.png 141 107 96
1f487-1f3fc-2642.png 85 81 70
1f487-1f3fc.png 141 107 96
1f487-1f3fd-2640.png 114 76 80
1f487-1f3fd-2642.png 69 62 59
1f487-1f3fd.png 114 76 80
1f487-1f3fe-2640.png 98 65 70
1f487-1f3fe-2642.png 58 54 51
1f487-1f3fe.png 98 65 70
1f487-1f3ff-2640.png 81 55 65
1f487-1f3ff-2642.png 48 47 48
1f487-1f3ff.png 81 55 65
1f487-2640.png 152 104 56
1f487-2642.png 92 81 44
1f487.png 152 104 56
1f488.png 63 64 70
1f489.png 32 16 18
1f48a.png 107 49 8
1f48b.png 92 13 13
1f48c.png 126 104 116
1f48d.png 32 41 44
1f48e.png 36 94 109
1f48f.png 135 83 33
1f490.png 78 71 56
1f491.png 132 83 42
1f492.png 129 69 77
1f493.png 89 12 15
1f494.png 105 13 17
1f495.png 103 14 17
1f496.png 118 34 20
1f497.png 113 57 55
1f498.png 100 23 29
1f499.png 9 88 106
1f49a.png 82 114 28
1f49b.png 127 111 22
1f49c.png 84 45 118
1f49d.png 128 55 17
1f49e.png 114 24 26
1f49f.png 199 74 80
1f4a0.png 16 79 88
1f4a1.png 98 90 52
1f4a2.png 43 5 7
1f4a3.png 28 23 26
1f4a4.png 5 54 64
1f4a5.png 71 37 12
1f4a6.png 49 90 106
1f4a7.png 42 76 90
1f4a8.png 82 88 90
1f4a9.png 91 62 51
1f4aa-1f3fb.png 127 108 88
1f4aa-1f3fc.png 122 89 67
1f4aa-1f3fd.png 103 69 50
1f4aa-1f3fe.png 81 52 32
1f4aa-1f3ff.png 68 39 27
1f4aa.png 124 98 30
1f4ab.png 78 65 6
1f4ac.png 139 143 146
1f4ad.png 121 123 126
1f4ae.png 66 8 11
1f4af.png 97 13 16
1f4b0.png 90 85 34
1f4b1.png 12 11 15
1f4b2.png 12 11 15
1f4b3.png 116 99 33
1f4b4.png 152 122 104
1f4b5.png 114 125 93
1f4b6.png 111 133 109
1f4b7.png 123 111 137
1f4b8.png 90 107 62
1f4b9.png 117 160 52
1f4ba.png 22 66 86
1f4bb.png 50 56 62
1f4bc.png 60 66 69
1f4bd.png 158 138 63
1f4be.png 120 93 103
1f4bf.png 137 140 146
1f4c0.png 171 141 28
1f4c1.png 177 140 6
1f4c2.png 171 130 6
1f4c3.png 135 141 146
1f4c4.png 131 137 141
1f4c5.png 183 127 134
1f4c6.png 175 142 148
1f4c7.png 66 72 77
1f4c8.png 207 191 193
1f4c9.png 186 201 208
1f4ca.png 165 180 169
1f4cb.png 149 142 134
1f4cc.png 47 13 14
1f4cd.png 49 11 13
1f4ce.png 45 46 49
1f4cf.png 59 51 25
1f4d0.png 102 64 1
1f4d1.png 118 137 143
1f4d2.png 180 152 33
1f4d3.png 87 96 102
1f4d4.png 155 121 33
1f4d5.png 103 42 43
1f4d6.png 153 144 146
1f4d7.png 72 93 43
1f4d8.png 30 84 99
1f4d9.png 113 92 27
1f4da.png 108 80 70
1f4db.png 142 49 53
1f4dc.png 154 128 105
1f4dd.png 156 152 147
1f4de.png 20 25 27
1f4df.png 56 66 51
1f4e0.png 100 109 105
1f4e1.png 41 46 51
1f4e2.png 75 28 32
1f4e3.png 53 27 30
1f4e4.png 85 43 34
1f4e5.png 68 62 34
1f4e6.png 116 89 69
1f4e7.png 109 120 128
1f4e8.png 122 142 153
1f4e9.png 146 123 129
1f4ea.png 51 49 55
1f4eb.png 53 49 55
1f4ec.png 73 67 73
1f4ed.png 48 45 51
1f4ee.png 164 21 25
1f4ef.png 52 35 2
1f4f0.png 141 162 169
1f4f1.png 50 50 53
1f4f2.png 49 67 78
1f4f3.png 202 114 44
1f4f4.png 202 113 43
1f4f5.png 76 11 15
1f4f6.png 30 107 154
1f4f7.png 41 43 52
1f4f8.png 48 47 45
1f4f9.png 67 68 73
1f4fa.png 53 76 87
1f4fb.png 67 92 44
1f4fc.png 54 61 66
1f4fd.png 58 59 67
1f4ff.png 24 13 14
1f500.png 42 115 158
1f501.png 45 116 159
1f502.png 49 118 160
1f503.png 48 118 160
1f504.png 44 116 159
1f505.png 40 29 0
1f506.png 54 39 0
1f507.png 78 13 18
1f508.png 35 37 39
1f509.png 34 40 43
1f50a.png 35 54 59
1f50b.png 88 110 60
1f50c.png 17 17 21
1f50d.png 34 36 37
1f50e.png 34 36 37
1f50f.png 122 99 57
1f510.png 142 104 25
1f511.png 76 55 2
1f512.png 108 80 30
1f513.png 106 77 26
1f514.png 116 83 5
1f515.png 78 12 17
1f516.png 65 15 12
1f517.png 46 48 50
1f518.png 90 101 106
1f519.png 15 14 19
1f51a.png 14 13 18
1f51b.png 14 13 18
1f51c.png 15 14 19
1f51d.png 9 8 12
1f51e.png 77 12 17
1f51f.png 41 114 158
1f520.png 35 110 156
1f521.png 32 109 155
1f522.png 24 104 152
1f523.png 31 108 154
1f524.png 25 105 153
1f525.png 132 77 20
1f526.png 34 36 34
1f527.png 47 50 51
1f528.png 24 21 19
1f529.png 73 78 81
1f52a.png 46 47 47
1f52b.png 35 38 41
1f52c.png 27 31 34
1f52d.png 51 54 57
1f52e.png 99 56 114
1f52f.png 154 98 202
1f530.png 68 72 19
1f531.png 75 55 2
1f532.png 107 109 120
1f533.png 97 99 110
1f534.png 156 20 26
1f535.png 0 73 117
1f536.png 104 50 7
1f537.png 0 48 75
1f538.png 29 14 2
1f539.png 0 13 21
1f53a.png 55 7 9
1f53b.png 55 7 9
1f53c.png 22 103 152
1f53d.png 22 103 152
1f549.png 155 101 202
1f54a.png 73 77 76
1f54b.png 130 115 77
1f54c.png 140 111 73
1f54d.png 128 69 71
1f54e.png 153 97 202
1f550.png 114 115 119
1f551.png 114 115 119
1f552.png 114 115 119
1f553.png 114 115 119
1f554.png 114 115 119
1f555.png 114 115 119
1f556.png 114 115 119
1f557.png 114 115 119
1f558.png 114 115 119
1f559.png 114 115 119
1f55a.png 114 115 119
1f55b.png 116 117 121
1f55c.png 114 115 119
1f55d.png 114 115 119
1f55e.png 114 115 119
1f55f.png 114 115 119
1f560.png 115 116 120
1f561.png 115 116 120
1f562.png 114 115 119
1f563.png 114 115 119
1f564.png 114 115 119
1f565.png 114 115 119
1f566.png 114 115 119
1f567.png 114 115 119
1f56f.png 70 69 69
1f570.png 77 67 63
1f573.png 39 42 45
1f574-1f3fb.png 16 16 17
1f574-1f3fc.png 16 15 16
1f574-1f3fd.png 15 14 15
1f574-1f3fe.png 14 13 15
1f574-1f3ff.png 13 13 14
1f574.png 16 15 15
1f575-1f3fb-2640.png 79 75 78
1f575-1f3fb-2642.png 77 77 77
1f575-1f3fb.png 77 77 77
1f575-1f3fc-2640.png 81 72 74
1f575-1f3fc-2642.png 76 72 71
1f575-1f3fc.png 76 72 71
1f575-1f3fd-2640.png 74 65 68
1f575-1f3fd-2642.png 70 67 66
1f575-1f3fd.png 70 67 66
1f575-1f3fe-2640.png 68 60 63
1f575-1f3fe-2642.png 65 62 62
1f575-1f3fe.png 65 62 62
1f575-1f3ff-2640.png 63 56 62
1f575-1f3ff-2642.png 61 58 60
1f575-1f3ff.png 61 58 60
1f575-2640.png 83 74 62
1f575-2642.png 77 75 61
1f575.png 77 75 61
1f576.png 16 18 21
1f577.png 15 17 20
1f578.png 29 32 33
1f579.png 44 25 30
1f57a-1f3fb.png 45 29 50
1f57a-1f3fc.png 47 29 49
1f57a-1f3fd.png 44 25 47
1f57a-1f3fe.png 42 24 45
1f57a-1f3ff.png 40 22 44
1f57a.png 48 29 44
1f587.png 67 69 72
1f58a.png 22 24 27
1f58b.png 27 28 31
1f58c.png 13 26 37
1f58d.png 57 23 22
1f590-1f3fb.png 123 105 85
1f590-1f3fc.png 117 86 65
1f590-1f3fd.png 99 67 48
1f590-1f3fe.png 79 51 31
1f590-1f3ff.png 66 38 26
1f590.png 120 95 30
1f595-1f3fb.png 102 86 70
1f595-1f3fc.png 97 71 54
1f595-1f3fd.png 82 55 40
1f595-1f3fe.png 65 42 26
1f595-1f3ff.png 54 32 22
1f595.png 99 78 25
1f596-1f3fb.png 122 104 85
1f596-1f3fc.png 117 86 65
1f596-1f3fd.png 99 66 48
1f596-1f3fe.png 79 50 31
1f596-1f3ff.png 65 38 26
1f596.png 119 94 30
1f5a4.png 23 21 29
1f5a5.png 76 85 93
1f5a8.png 125 132 134
1f5b1.png 103 108 111
1f5b2.png 26 15 20
1f5bc.png 101 118 121
1f5c2.png 160 125 6
1f5c3.png 146 111 71
1f5c4.png 86 94 98
1f5d1.png 75 82 85
1f5d2.png 142 149 153
1f5d3.png 148 107 112
1f5dc.png 38 42 45
1f5dd.png 8 8 10
1f5de.png 64 75 78
1f5e1.png 35 37 38
1f5e3.png 31 38 42
1f5e8.png 24 22 30
1f5ef.png 93 95 97
1f5f3.png 33 70 73
1f5fa.png 64 129 128
1f5fb.png 36 35 41
1f5fc.png 24 6 7
1f5fd.png 23 40 25
1f5fe.png 10 19 4
1f5ff.png 104 113 101
1f600.png 145 116 50
1f601.png 153 126 61
1f602.png 136 125 75
1f603.png 143 115 50
1f604.png 145 117 50
1f605.png 142 120 60
1f606.png 142 115 50
1f607.png 142 126 67
1f608.png 161 62 55
1f609.png 161 128 45
1f60a.png 160 125 48
1f60b.png 157 122 46
1f60c.png 160 128 44
1f60d.png 153 87 44
1f60e.png 131 106 44
1f60f.png 158 126 44
1f610.png 161 128 45
1f611.png 163 130 45
1f612.png 160 127 45
1f613.png 159 134 57
1f614.png 163 130 45
1f615.png 162 129 45
1f616.png 153 122 44
1f617.png 161 128 44
1f618.png 164 121 45
1f619.png 163 130 45
1f61a.png 163 127 48
1f61b.png 152 114 47
1f61c.png 155 120 58
1f61d.png 151 114 47
1f61e.png 161 128 44
1f61f.png 161 128 44
1f620.png 160 130 53
1f621.png 158 57 58
1f622.png 155 136 74
1f623.png 159 126 44
1f624.png 176 152 91
1f625.png 158 131 53
1f626.png 156 125 48
1f627.png 147 118 47
1f628.png 151 128 72
1f629.png 143 114 46
1f62a.png 157 134 61
1f62b.png 139 111 46
1f62c.png 152 125 57
1f62d.png 138 131 69
1f62e.png 160 128 45
1f62f.png 161 128 44
1f630.png 152 129 58
1f631.png 157 131 73
1f632.png 154 131 72
1f633.png 163 136 76
1f634.png 150 131 55
1f635.png 141 113 45
1f636.png 166 132 45
1f637.png 166 143 85
1f638.png 139 109 17
1f639.png 132 115 34
1f63a.png 141 110 9
1f63b.png 146 77 15
1f63c.png 149 116 6
1f63d.png 153 119 4
1f63e.png 149 116 6
1f63f.png 143 120 24
1f640.png 144 104 8
1f641.png 163 129 45
1f642.png 160 128 45
1f643.png 160 128 45
1f644.png 165 138 68
1f645-1f3fb-2640.png 95 66 96
1f645-1f3fb-2642.png 61 89 98
1f645-1f3fb.png 95 66 96
1f645-1f3fc-2640.png 111 75 94
1f645-1f3fc-2642.png 71 91 93
1f645-1f3fc.png 111 75 94
1f645-1f3fd-2640.png 95 55 83
1f645-1f3fd-2642.png 58 75 83
1f645-1f3fd.png 95 55 83
1f645-1f3fe-2640.png 84 47 75
1f645-1f3fe-2642.png 47 67 75
1f645-1f3fe.png 84 47 75
1f645-1f3ff-2640.png 73 40 72
1f645-1f3ff-2642.png 38 61 72
1f645-1f3ff.png 73 40 72
1f645-2640.png 118 74 67
1f645-2642.png 75 92 70
1f645.png 118 74 67
1f646-1f3fb-2640.png 112 75 118
1f646-1f3fb-2642.png 66 103 115
1f646-1f3fb.png 112 75 118
1f646-1f3fc-2640.png 120 76 112
1f646-1f3fc-2642.png 70 100 106
1f646-1f3fc.png 120 76 112
1f646-1f3fd-2640.png 105 59 101
1f646-1f3fd-2642.png 57 85 97
1f646-1f3fd.png 105 59 101
1f646-1f3fe-2640.png 94 52 94
1f646-1f3fe-2642.png 46 77 89
1f646-1f3fe.png 94 52 94
1f646-1f3ff-2640.png 85 45 91
1f646-1f3ff-2642.png 38 71 86
1f646-1f3ff.png 85 45 91
1f646-2640.png 127 78 89
1f646-2642.png 76 104 85
1f646.png 127 78 89
1f647-1f3fb-2640.png 81 68 82
1f647-1f3fb-2642.png 59 75 77
1f647-1f3fb.png 59 75 77
1f647-1f3fc-2640.png 100 78 79
1f647-1f3fc-2642.png 74 83 74
1f647-1f3fc.png 74 83 74
1f647-1f3fd-2640.png 82 56 68
1f647-1f3fd-2642.png 58 63 64
1f647-1f3fd.png 58 63 64
1f647-1f3fe-2640.png 70 48 60
1f647-1f3fe-2642.png 47 56 56
1f647-1f3fe.png 47 56 56
1f647-1f3ff-2640.png 58 41 57
1f647-1f3ff-2642.png 37 49 53
1f647-1f3ff.png 37 49 53
1f647-2640.png 108 77 51
1f647-2642.png 81 82 49
1f647.png 81 82 49
1f648.png 110 87 70
1f649.png 104 81 67
1f64a.png 107 85 69
1f64b-1f3fb-2640.png 126 93 115
1f64b-1f3fb-2642.png 94 111 111
1f64b-1f3fb.png 126 93 115
1f64b-1f3fc-2640.png 145 101 109
1f64b-1f3fc-2642.png 101 107 100
1f64b-1f3fc.png 145 101 109
1f64b-1f3fd-2640.png 121 74 92
1f64b-1f3fd-2642.png 83 87 86
1f64b-1f3fd.png 121 74 92
1f64b-1f3fe-2640.png 104 61 80
1f64b-1f3fe-2642.png 67 75 74
1f64b-1f3fe.png 104 61 80
1f64b-1f3ff-2640.png 89 51 76
1f64b-1f3ff-2642.png 55 65 70
1f64b-1f3ff.png 89 51 76
1f64b-2640.png 154 101 71
1f64b-2642.png 107 111 69
1f64b.png 154 101 71
1f64c-1f3fb.png 111 95 78
1f64c-1f3fc.png 106 79 61
1f64c-1f3fd.png 90 62 46
1f64c-1f3fe.png 72 48 31
1f64c-1f3ff.png 60 37 26
1f64c.png 108 86 30
1f64d-1f3fb-2640.png 96 74 82
1f64d-1f3fb-2642.png 79 83 78
1f64d-1f3fb.png 96 74 82
1f64d-1f3fc-2640.png 116 83 78
1f64d-1f3fc-2642.png 87 82 70
1f64d-1f3fc.png 116 83 78
1f64d-1f3fd-2640.png 94 58 64
1f64d-1f3fd-2642.png 71 63 58
1f64d-1f3fd.png 94 58 64
1f64d-1f3fe-2640.png 79 48 54
1f64d-1f3fe-2642.png 57 53 48
1f64d-1f3fe.png 83 50 56
1f64d-1f3ff-2640.png 66 39 50
1f64d-1f3ff-2642.png 46 44 44
1f64d-1f3ff.png 66 39 50
1f64d-2640.png 124 83 43
1f64d-2642.png 93 84 42
1f64d.png 124 83 43
1f64e-1f3fb-2640.png 97 75 83
1f64e-1f3fb-2642.png 80 83 79
1f64e-1f3fb.png 97 75 83
1f64e-1f3fc-2640.png 116 84 79
1f64e-1f3fc-2642.png 88 82 70
1f64e-1f3fc.png 116 84 79
1f64e-1f3fd-2640.png 94 58 64
1f64e-1f3fd-2642.png 71 63 58
1f64e-1f3fd.png 94 58 64
1f64e-1f3fe-2640.png 79 48 54
1f64e-1f3fe-2642.png 57 53 48
1f64e-1f3fe.png 79 48 54
1f64e-1f3ff-2640.png 66 39 50
1f64e-1f3ff-2642.png 46 44 44
1f64e-1f3ff.png 66 39 50
1f64e-2640.png 125 83 43
1f64e-2642.png 93 85 42
1f64e.png 125 83 43
1f64f-1f3fb.png 72 78 73
1f64f-1f3fc.png 68 67 62
1f64f-1f3fd.png 58 55 52
1f64f-1f3fe.png 46 46 42
1f64f-1f3ff.png 38 39 39
1f64f.png 70 71 41
1f680.png 74 59 56
1f681.png 60 28 29
1f682.png 79 50 50
1f683.png 86 112 100
1f684.png 90 118 134
1f685.png 81 105 117
1f686.png 104 114 116
1f687.png 52 42 51
1f688.png 102 123 105
1f689.png 72 79 77
1f68a.png 69 77 74
1f68b.png 103 108 88
1f68c.png 95 102 83
1f68d.png 67 93 93
1f68e.png 78 100 91
1f68f.png 44 42 46
1f690.png 79 100 107
1f691.png 120 122 129
1f692.png 105 60 64
1f693.png 44 54 58
1f694.png 50 58 64
1f695.png 71 67 32
1f696.png 87 81 38
1f697.png 59 30 33
1f698.png 100 50 56
1f699.png 21 49 63
1f69a.png 106 102 51
1f69b.png 89 68 32
1f69c.png 58 39 34
1f69d.png 76 81 86
1f69e.png 93 113 107
1f69f.png 122 127 86
1f6a0.png 64 117 136
1f6a1.png 89 86 33
1f6a2.png 71 45 45
1f6a3-1f3fb-2640.png 81 75 84
1f6a3-1f3fb-2642.png 80 79 77
1f6a3-1f3fb.png 80 79 77
1f6a3-1f3fc-2640.png 86 77 83
1f6a3-1f3fc-2642.png 83 80 76
1f6a3-1f3fc.png 83 80 76
1f6a3-1f3fd-2640.png 81 72 80
1f6a3-1f3fd-2642.png 79 76 73
1f6a3-1f3fd.png 79 76 73
1f6a3-1f3fe-2640.png 76 68 77
1f6a3-1f3fe-2642.png 76 74 71
1f6a3-1f3fe.png 76 74 71
1f6a3-1f3ff-2640.png 72 66 76
1f6a3-1f3ff-2642.png 74 72 70
1f6a3-1f3ff.png 74 72 70
1f6a3-2640.png 88 77 76
1f6a3-2642.png 85 82 71
1f6a3.png 85 82 71
1f6a4.png 49 32 33
1f6a5.png 37 31 23
1f6a6.png 39 33 26
1f6a7.png 88 69 43
1f6a8.png 91 39 40
1f6a9.png 62 12 13
1f6aa.png 93 65 44
1f6ab.png 93 11 15
1f6ac.png 35 33 27
1f6ad.png 87 33 38
1f6ae.png 30 108 154
1f6af.png 76 11 16
1f6b0.png 43 55 60
1f6b1.png 75 10 15
1f6b2.png 9 18 22
1f6b3.png 76 11 15
1f6b4-1f3fb-2640.png 40 36 48
1f6b4-1f3fb-2642.png 47 31 33
1f6b4-1f3fb.png 47 31 33
1f6b4-1f3fc-2640.png 41 36 47
1f6b4-1f3fc-2642.png 47 29 31
1f6b4-1f3fc.png 47 29 31
1f6b4-1f3fd-2640.png 38 33 45
1f6b4-1f3fd-2642.png 45 27 29
1f6b4-1f3fd.png 45 27 29
1f6b4-1f3fe-2640.png 36 31 43
1f6b4-1f3fe-2642.png 43 26 27
1f6b4-1f3fe.png 43 26 27
1f6b4-1f3ff-2640.png 34 30 42
1f6b4-1f3ff-2642.png 41 24 27
1f6b4-1f3ff.png 41 24 27
1f6b4-2640.png 42 37 42
1f6b4-2642.png 47 30 27
1f6b4.png 47 30 27
1f6b5-1f3fb-2640.png 103 99 110
1f6b5-1f3fb-2642.png 111 94 96
1f6b5-1f3fb.png 111 94 96
1f6b5-1f3fc-2640.png 105 99 109
1f6b5-1f3fc-2642.png 111 92 94
1f6b5-1f3fc.png 111 92 94
1f6b5-1f3fd-2640.png 102 95 107
1f6b5-1f3fd-2642.png 109 90 92
1f6b5-1f3fd.png 109 90 92
1f6b5-1f3fe-2640.png 99 94 105
1f6b5-1f3fe-2642.png 107 88 91
1f6b5-1f3fe.png 107 88 91
1f6b5-1f3ff-2640.png 98 92 104
1f6b5-1f3ff-2642.png 106 87 90
1f6b5-1f3ff.png 106 87 90
1f6b5-2640.png 105 99 104
1f6b5-2642.png 111 95 93
1f6b5.png 111 95 93
1f6b6-1f3fb-2640.png 26 20 26
1f6b6-1f3fb-2642.png 26 26 18
1f6b6-1f3fb.png 26 26 18
1f6b6-1f3fc-2640.png 30 22 26
1f6b6-1f3fc-2642.png 28 27 16
1f6b6-1f3fc.png 28 27 16
1f6b6-1f3fd-2640.png 26 17 23
1f6b6-1f3fd-2642.png 25 22 14
1f6b6-1f3fd.png 25 22 14
1f6b6-1f3fe-2640.png 23 15 21
1f6b6-1f3fe-2642.png 22 20 12
1f6b6-1f3fe.png 22 20 12
1f6b6-1f3ff-2640.png 20 13 20
1f6b6-1f3ff-2642.png 20 19 11
1f6b6-1f3ff.png 20 19 11
1f6b6-2640.png 32 22 19
1f6b6-2642.png 30 27 11
1f6b6.png 30 27 11
1f6b7.png 76 11 15
1f6b8.png 92 74 21
1f6b9.png 27 106 153
1f6ba.png 31 108 155
1f6bb.png 45 116 159
1f6bc.png 31 108 155
1f6bd.png 80 83 86
1f6be.png 31 108 155
1f6bf.png 62 82 91
1f6c0-1f3fb.png 76 76 76
1f6c0-1f3fc.png 80 78 75
1f6c0-1f3fd.png 76 73 72
1f6c0-1f3fe.png 73 71 70
1f6c0-1f3ff.png 70 69 69
1f6c0.png 81 78 68
1f6c1.png 69 72 74
1f6c2.png 40 113 157
1f6c3.png 40 113 157
1f6c4.png 61 126 164
1f6c5.png 51 120 161
1f6cb.png 14 61 89
1f6cc-1f3fb.png 69 35 38
1f6cc-1f3fc.png 71 36 37
1f6cc-1f3fd.png 69 34 36
1f6cc-1f3fe.png 68 33 35
1f6cc-1f3ff.png 67 32 35
1f6cc.png 72 36 34
1f6cd.png 128 88 53
1f6ce.png 102 79 15
1f6cf.png 55 36 39
1f6d0.png 148 88 201
1f6d1.png 168 74 80
1f6d2.png 84 25 28
1f6e0.png 58 57 56
1f6e1.png 115 79 84
1f6e2.png 47 52 58
1f6e3.png 88 107 78
1f6e4.png 92 97 45
1f6e5.png 63 61 63
1f6e9.png 30 45 52
1f6eb.png 66 85 79
1f6ec.png 66 83 77
1f6f0.png 42 66 76
1f6f3.png 100 103 106
1f6f4.png 26 32 17
1f6f5.png 48 38 11
1f6f6.png 40 32 7
1f910.png 156 126 48
1f911.png 140 118 43
1f912.png 159 126 53
1f913.png 144 119 54
1f914.png 153 131 76
1f915.png 158 138 89
1f916.png 66 94 51
1f917.png 167 143 97
1f918-1f3fb.png 100 85 69
1f918-1f3fc.png 95 70 53
1f918-1f3fd.png 80 54 39
1f918-1f3fe.png 64 41 25
1f918-1f3ff.png 53 30 21
1f918.png 97 76 23
1f919-1f3fb.png 71 60 48
1f919-1f3fc.png 68 49 37
1f919-1f3fd.png 57 38 27
1f919-1f3fe.png 45 29 18
1f919-1f3ff.png 37 21 15
1f919.png 69 54 15
1f91a-1f3fb.png 113 97 79
1f91a-1f3fc.png 108 80 61
1f91a-1f3fd.png 92 62 45
1f91a-1f3fe.png 73 47 29
1f91a-1f3ff.png 61 36 25
1f91a.png 110 87 30
1f91b-1f3fb.png 116 99 81
1f91b-1f3fc.png 111 82 62
1f91b-1f3fd.png 94 63 46
1f91b-1f3fe.png 75 48 30
1f91b-1f3ff.png 62 36 25
1f91b.png 114 90 30
1f91c-1f3fb.png 116 99 81
1f91c-1f3fc.png 111 82 62
1f91c-1f3fd.png 94 63 46
1f91c-1f3fe.png 75 48 30
1f91c-1f3ff.png 62 36 25
1f91c.png 114 90 30
1f91d.png 127 100 30
1f91e-1f3fb.png 89 75 60
1f91e-1f3fc.png 85 62 47
1f91e-1f3fd.png 71 48 34
1f91e-1f3fe.png 56 36 22
1f91e-1f3ff.png 47 27 18
1f91e.png 86 68 20
1f920.png 132 102 44
1f921.png 114 96 87
1f922.png 91 128 32
1f923.png 125 114 70
1f924.png 155 127 48
1f925.png 144 118 52
1f926-1f3fb-2640.png 102 76 92
1f926-1f3fb-2642.png 78 90 90
1f926-1f3fb.png 102 76 92
1f926-1f3fc-2640.png 124 88 90
1f926-1f3fc-2642.png 87 91 83
1f926-1f3fc.png 124 88 90
1f926-1f3fd-2640.png 102 62 75
1f926-1f3fd-2642.png 71 72 71
1f926-1f3fd.png 102 62 75
1f926-1f3fe-2640.png 87 51 65
1f926-1f3fe-2642.png 58 61 60
1f926-1f3fe.png 87 51 65
1f926-1f3ff-2640.png 73 41 61
1f926-1f3ff-2642.png 46 52 56
1f926-1f3ff.png 73 41 61
1f926-2640.png 132 86 56
1f926-2642.png 92 93 56
1f926.png 132 86 56
1f927.png 135 117 69
1f930-1f3fb.png 48 30 52
1f930-1f3fc.png 55 35 52
1f930-1f3fd.png 47 26 47
1f930-1f3fe.png 43 22 44
1f930-1f3ff.png 38 19 42
1f930.png 58 34 40
1f933-1f3fb.png 45 58 32
1f933-1f3fc.png 45 56 29
1f933-1f3fd.png 42 53 27
1f933-1f3fe.png 39 51 24
1f933-1f3ff.png 38 49 23
1f933.png 45 57 24
1f934-1f3fb.png 132 107 69
1f934-1f3fc.png 130 97 57
1f934-1f3fd.png 119 85 47
1f934-1f3fe.png 107 76 37
1f934-1f3ff.png 99 68 34
1f934.png 133 103 37
1f935-1f3fb.png 85 75 67
1f935-1f3fc.png 93 75 60
1f935-1f3fd.png 78 58 49
1f935-1f3fe.png 66 49 40
1f935-1f3ff.png 56 41 37
1f935.png 98 77 35
1f936-1f3fb.png 134 108 102
1f936-1f3fc.png 132 100 93
1f936-1f3fd.png 124 91 86
1f936-1f3fe.png 116 85 79
1f936-1f3ff.png 110 79 77
1f936.png 133 104 79
1f937-1f3fb-2640.png 78 52 83
1f937-1f3fb-2642.png 44 71 80
1f937-1f3fb.png 78 52 83
1f937-1f3fc-2640.png 86 55 80
1f937-1f3fc-2642.png 47 69 74
1f937-1f3fc.png 86 55 80
1f937-1f3fd-2640.png 75 42 72
1f937-1f3fd-2642.png 39 59 68
1f937-1f3fd.png 75 42 72
1f937-1f3fe-2640.png 68 37 67
1f937-1f3fe-2642.png 31 54 62
1f937-1f3fe.png 68 37 67
1f937-1f3ff-2640.png 61 32 65
1f937-1f3ff-2642.png 26 49 60
1f937-1f3ff.png 61 32 65
1f937-2640.png 90 55 62
1f937-2642.png 50 71 60
1f937.png 90 55 62
1f938-1f3fb-2640.png 44 35 39
1f938-1f3fb-2642.png 47 45 33
1f938-1f3fb.png 47 45 33
1f938-1f3fc-2640.png 48 34 35
1f938-1f3fc-2642.png 47 42 27
1f938-1f3fc.png 47 42 27
1f938-1f3fd-2640.png 41 26 30
1f938-1f3fd-2642.png 42 35 23
1f938-1f3fd.png 42 35 23
1f938-1f3fe-2640.png 35 21 26
1f938-1f3fe-2642.png 36 31 18
1f938-1f3fe.png 36 31 18
1f938-1f3ff-2640.png 30 18 24
1f938-1f3ff-2642.png 32 27 16
1f938-1f3ff.png 32 27 16
1f938-2640.png 51 35 24
1f938-2642.png 49 44 18
1f938.png 49 44 18
1f939-1f3fb-2640.png 58 45 55
1f939-1f3fb-2642.png 55 54 39
1f939-1f3fb.png 55 54 39
1f939-1f3fc-2640.png 60 43 52
1f939-1f3fc-2642.png 54 50 35
1f939-1f3fc.png 54 50 35
1f939-1f3fd-2640.png 54 37 48
1f939-1f3fd-2642.png 51 47 32
1f939-1f3fd.png 51 47 32
1f939-1f3fe-2640.png 50 34 44
1f939-1f3fe-2642.png 47 43 28
1f939-1f3fe.png 47 43 28
1f939-1f3ff-2640.png 46 31 43
1f939-1f3ff-2642.png 44 41 27
1f939-1f3ff.png 44 41 27
1f939-2640.png 62 45 43
1f939-2642.png 55 52 28
1f939.png 55 52 28
1f93a.png 40 42 44
1f93c-2640.png 92 56 31
1f93c-2642.png 76 55 26
1f93c.png 76 55 26
1f93d-1f3fb-2640.png 67 78 95
1f93d-1f3fb-2642.png 80 89 84
1f93d-1f3fb.png 80 89 84
1f93d-1f3fc-2640.png 66 74 91
1f93d-1f3fc-2642.png 78 82 76
1f93d-1f3fc.png 78 82 76
1f93d-1f3fd-2640.png 62 70 88
1f93d-1f3fd-2642.png 72 75 70
1f93d-1f3fd.png 72 75 70
1f93d-1f3fe-2640.png 58 67 84
1f93d-1f3fe-2642.png 65 69 63
1f93d-1f3fe.png 65 69 63
1f93d-1f3ff-2640.png 56 65 83
1f93d-1f3ff-2642.png 60 65 62
1f93d-1f3ff.png 60 65 62
1f93d-2640.png 66 76 85
1f93d-2642.png 80 85 64
1f93d.png 80 85 64
1f93e-1f3fb-2640.png 44 34 36
1f93e-1f3fb-2642.png 49 31 24
1f93e-1f3fb.png 49 31 24
1f93e-1f3fc-2640.png 47 34 33
1f93e-1f3fc-2642.png 51 30 21
1f93e-1f3fc.png 51 30 21
1f93e-1f3fd-2640.png 42 28 30
1f93e-1f3fd-2642.png 46 25 17
1f93e-1f3fd.png 46 25 17
1f93e-1f3fe-2640.png 38 25 26
1f93e-1f3fe-2642.png 42 22 14
1f93e-1f3fe.png 42 22 14
1f93e-1f3ff-2640.png 34 22 25
1f93e-1f3ff-2642.png 39 19 13
1f93e-1f3ff.png 39 19 13
1f93e-2640.png 49 34 25
1f93e-2642.png 52 31 13
1f93e.png 52 31 13
1f940.png 48 37 23
1f941.png 136 101 102
1f942.png 60 59 50
1f943.png 133 117 89
1f944.png 46 48 49
1f945.png 104 106 110
1f947.png 78 65 33
1f948.png 66 64 72
1f949.png 74 52 31
1f94a.png 119 28 31
1f94b.png 126 125 130
1f950.png 96 69 29
1f951.png 84 101 22
1f952.png 29 56 13
1f953.png 86 35 33
1f954.png 108 79 58
1f955.png 41 29 2
1f956.png 68 50 25
1f957.png 90 97 57
1f958.png 128 93 27
1f959.png 107 89 55
1f95a.png 118 94 75
1f95b.png 111 113 114
1f95c.png 112 87 68
1f95d.png 104 123 52
1f95e.png 141 108 68
1f980.png 69 9 11
1f981.png 128 90 29
1f982.png 56 34 1
1f983.png 46 36 41
1f984.png 119 101 109
1f985.png 63 53 44
1f986.png 56 46 26
1f987.png 19 20 23
1f988.png 70 69 71
1f989.png 84 64 38
1f98a.png 144 100 40
1f98b.png 69 51 23
1f98c.png 51 37 28
1f98d.png 50 52 56
1f98e.png 31 46 7
1f98f.png 91 100 104
1f990.png 50 19 18
1f991.png 83 12 16
1f9c0.png 148 110 6
203c.png 58 7 10
2049.png 66 8 11
2122.png 13 12 16
2139.png 20 102 151
2194.png 36 111 156
2195.png 36 111 156
2196.png 27 106 153
2197.png 27 106 153
2198.png 27 106 153
2199.png 27 106 153
21a9.png 38 112 157
21aa.png 38 112 157
231a.png 100 103 107
231b.png 64 63 60
2328.png 101 103 104
23cf.png 30 108 154
23e9.png 35 110 156
23ea.png 35 110 156
23eb.png 35 110 156
23ec.png 35 110 156
23ed.png 36 111 156
23ee.png 36 111 156
23ef.png 40 113 157
23f0.png 134 107 112
23f1.png 105 91 93
23f2.png 155 153 159
23f3.png 63 63 59
23f8.png 28 106 153
23f9.png 36 111 156
23fa.png 33 109 155
24c2.png 27 89 126
25aa.png 11 11 14
25ab.png 46 48 51
25b6.png 22 103 152
25c0.png 22 103 152
25fb.png 105 108 114
25fc.png 26 24 33
25fd.png 72 75 79
25fe.png 18 17 23
2600.png 106 80 0
2601.png 97 112 119
2602.png 39 40 25
2603.png 97 79 81
2604.png 24 61 72
260e.png 62 69 75
2611.png 25 31 17
2614.png 26 38 44
2615.png 86 85 84
2618.png 68 95 22
261d-1f3fb.png 87 74 60
261d-1f3fc.png 83 61 46
261d-1f3fd.png 70 47 34
261d-1f3fe.png 56 36 22
261d-1f3ff.png 46 27 18
261d.png 85 67 21
2620.png 85 88 92
2622.png 166 99 48
2623.png 165 93 38
2626.png 149 89 201
262a.png 155 101 202
262e.png 156 103 203
262f.png 159 109 203
2638.png 155 100 202
2639.png 158 126 45
263a.png 159 124 48
2640.png 10 9 13
2642.png 10 10 13
2648.png 150 92 202
2649.png 153 96 202
264a.png 153 96 202
264b.png 154 99 202
264c.png 153 97 202
264d.png 152 96 202
264e.png 155 100 202
264f.png 151 93 202
2650.png 153 96 202
2651.png 152 95 202
2652.png 154 99 202
2653.png 153 96 202
2660.png 18 16 22
2663.png 17 16 22
2665.png 103 13 17
2666.png 71 9 12
2668.png 61 8 10
267b.png 53 80 19
267f.png 26 105 153
2692.png 47 40 36
2693.png 30 33 34
2694.png 48 47 43
2695.png 7 7 9
2696.png 33 37 39
2697.png 47 41 56
2699.png 78 86 90
269b.png 155 100 202
269c.png 85 61 1
26a0.png 113 91 22
26a1.png 47 37 1
26aa.png 128 132 140
26ab.png 31 29 39
26b0.png 79 56 39
26b1.png 104 64 1
26bd.png 102 101 107
26be.png 165 146 148
26c4.png 80 78 77
26c5.png 107 116 105
26c8.png 83 85 75
26ce.png 152 95 202
26cf.png 34 31 29
26d1.png 71 24 27
26d3.png 50 52 54
26d4.png 160 50 55
26e9.png 64 12 16
26ea.png 89 76 71
26f0.png 64 82 63
26f1.png 89 81 58
26f2.png 41 58 64
26f3.png 51 53 15
26f4.png 93 73 84
26f5.png 68 60 42
26f7.png 78 71 76
26f8.png 100 36 38
26f9-1f3fb-2640.png 58 36 29
26f9-1f3fb-2642.png 60 37 29
26f9-1f3fb.png 60 37 29
26f9-1f3fc-2640.png 61 36 26
26f9-1f3fc-2642.png 62 35 25
26f9-1f3fc.png 62 35 25
26f9-1f3fd-2640.png 55 29 21
26f9-1f3fd-2642.png 57 29 21
26f9-1f3fd.png 57 29 21
26f9-1f3fe-2640.png 50 25 17
26f9-1f3fe-2642.png 52 26 18
26f9-1f3fe.png 52 26 18
26f9-1f3ff-2640.png 46 22 16
26f9-1f3ff-2642.png 48 23 16
26f9-1f3ff.png 48 23 16
26f9-2640.png 63 37 15
26f9-2642.png 63 36 17
26f9.png 63 36 17
26fa.png 83 104 73
26fd.png 125 72 76
2702.png 63 39 42
2705.png 117 160 52
2708.png 44 74 88
2709.png 122 126 130
270a-1f3fb.png 175 150 123
270a-1f3fc.png 168 123 93
270a-1f3fd.png 142 96 69
270a-1f3fe.png 113 73 45
270a-1f3ff.png 94 55 38
270a.png 172 136 45
270b-1f3fb.png 113 96 77
270b-1f3fc.png 107 78 59
270b-1f3fd.png 91 61 43
270b-1f3fe.png 72 46 28
270b-1f3ff.png 60 34 24
270b.png 109 86 26
270c-1f3fb.png 98 83 67
270c-1f3fc.png 94 68 52
270c-1f3fd.png 79 53 38
270c-1f3fe.png 62 40 25
270c-1f3ff.png 52 30 20
270c.png 95 75 23
270d-1f3fb.png 94 80 67
270d-1f3fc.png 90 66 52
270d-1f3fd.png 76 52 40
270d-1f3fe.png 61 41 28
270d-1f3ff.png 52 31 24
270d.png 91 72 27
270f.png 77 50 22
2712.png 27 28 31
2714.png 5 5 6
2716.png 13 12 16
271d.png 149 88 201
2721.png 153 97 202
2728.png 67 51 13
2733.png 122 163 61
2734.png 201 106 30
2744.png 30 63 75
2747.png 115 159 50
274c.png 68 8 10
274e.png 124 164 65
2753.png 38 5 6
2754.png 31 32 33
2755.png 23 24 26
2757.png 29 3 5
2763.png 89 12 15
2764.png 114 15 19
2795.png 9 8 12
2796.png 5 4 6
2797.png 8 8 11
27a1.png 27 106 153
27b0.png 12 11 14
27bf.png 0 31 50
2934.png 29 107 154
2935.png 29 107 154
2b05.png 27 106 153
2b06.png 27 106 153
2b07.png 27 106 153
2b1b.png 41 38 51
2b1c.png 164 169 179
2b50.png 90 72 1
2b55.png 59 8 10
3030.png 5 4 6
303d.png 56 41 0
3297.png 161 58 62
3299.png 161 60 65
